Pb_B = [2.5845e-01
   2.2043e-01
   1.8128e-01
   1.4252e-01
   1.0598e-01
   7.3544e-02
   4.6812e-02
   2.6747e-02
   1.3350e-02
   5.6242e-03
  1.9150e-03];

%These are the Eb/N0 values in dB corresponding to the Pb_Blahut
%probabilities in the above array Pb_Blahut.
Eb_N0_dB = [0
     1
     2
     3
     4
     5
     6
     7
     8
     9
    10];


